6TSL_INV	1.30933e+01	1.10744e+01	9.69082	8.69814	7.96320	7.39734	6.95627	6.60316	6.31894	6.08792	5.89483	5.73577	5.60228	5.49604
6TSL_INV_iddq	4.72122e-09	5.04596e-09	5.39568e-09	5.76761e-09	6.16729e-09	6.60583e-09	7.09433e-09	7.64389e-09	8.26006e-09	8.98726e-09	9.84768e-09	1.09024e-08	1.22569e-08	1.39999e-08
6TSL_INV_iddarail_qcorr	1.44848e-04	1.91750e-04	2.43696e-04	3.00155e-04	3.60925e-04	4.26053e-04	4.95096e-04	5.67905e-04	6.44065e-04	7.23084e-04	8.05790e-04	8.90630e-04	9.78059e-04	1.06692e-03
6TSL_INV_acceffrail_qcorr	3.79334e-15	3.86116e-15	3.93622e-15	4.01677e-15	4.10604e-15	4.20235e-15	4.30516e-15	4.41185e-15	4.52213e-15	4.63389e-15	4.75012e-15	4.86532e-15	4.98137e-15	5.09911e-15
6TSL_INV_acreffrail_qcorr	3.45165e+03	2.86815e+03	2.46196e+03	2.16546e+03	1.93939e+03	1.76028e+03	1.61580e+03	1.49669e+03	1.39734e+03	1.31378e+03	1.24099e+03	1.17891e+03	1.12465e+03	1.07784e+03
6TSL_NAND2B	2.40205e+01	1.98554e+01	1.70417e+01	1.50413e+01	1.35612e+01	1.24416e+01	1.15689e+01	1.08749e+01	1.03156e+01	9.85842	9.47876	9.16235	8.90310	8.68369
6TSL_NAND2B_iddq	3.27516e-09	3.51941e-09	3.78586e-09	4.07452e-09	4.38538e-09	4.73510e-09	5.12923e-09	5.57887e-09	6.09512e-09	6.71130e-09	7.47180e-09	8.41549e-09	9.64784e-09	1.12799e-08
6TSL_NAND2B_iddarail_qcorr	7.17404e-05	9.70397e-05	1.25377e-04	1.56614e-04	1.90376e-04	2.26353e-04	2.64687e-04	3.04886e-04	3.46793e-04	3.90284e-04	4.34953e-04	4.81104e-04	5.28263e-04	5.76221e-04
6TSL_NAND2B_acceffrail_qcorr	3.44682e-15	3.50348e-15	3.56131e-15	3.62432e-15	3.68835e-15	3.75510e-15	3.82784e-15	3.90088e-15	3.97503e-15	4.05024e-15	4.12297e-15	4.19829e-15	4.27579e-15	4.35125e-15
6TSL_NAND2B_acreffrail_qcorr	6.96889e+03	5.66734e+03	4.78524e+03	4.15010e+03	3.67675e+03	3.31326e+03	3.02232e+03	2.78782e+03	2.59511e+03	2.43403e+03	2.29901e+03	2.18240e+03	2.08221e+03	1.99568e+03
6TSL_NOR2B	2.59754e+01	2.15237e+01	1.84861e+01	1.63272e+01	1.47116e+01	1.34947e+01	1.25352e+01	1.17758e+01	1.11568e+01	1.06576e+01	1.02426e+01	9.89372	9.60578	9.35540
6TSL_NOR2B_iddq	3.77753e-09	4.03011e-09	4.30211e-09	4.59077e-09	4.91274e-09	5.26801e-09	5.66214e-09	6.11733e-09	6.65024e-09	7.29417e-09	8.07687e-09	9.07052e-09	1.03584e-08	1.20681e-08
6TSL_NOR2B_iddarail_qcorr	6.66656e-05	8.99752e-05	1.16257e-04	1.45280e-04	1.76847e-04	2.10619e-04	2.46732e-04	2.84915e-04	3.25104e-04	3.66742e-04	4.10013e-04	4.54838e-04	5.00807e-04	5.48235e-04
6TSL_NOR2B_acceffrail_qcorr	3.46376e-15	3.52143e-15	3.58219e-15	3.64949e-15	3.71693e-15	3.78988e-15	3.86623e-15	3.94737e-15	4.03032e-15	4.11449e-15	4.19977e-15	4.28593e-15	4.37351e-15	4.46018e-15
6TSL_NOR2B_acreffrail_qcorr	7.49918e+03	6.11220e+03	5.16056e+03	4.47382e+03	3.95798e+03	3.56073e+03	3.24222e+03	2.98320e+03	2.76822e+03	2.59026e+03	2.43884e+03	2.30842e+03	2.19636e+03	2.09754e+03
6TSL_NAND3B	3.22870e+01	2.63348e+01	2.23400e+01	1.95157e+01	1.74436e+01	1.58724e+01	1.46586e+01	1.37006e+01	1.29287e+01	1.22909e+01	1.17806e+01	1.13429e+01	1.09880e+01	1.06796e+01
6TSL_NAND3B_iddq	3.96627e-09	4.27436e-09	4.60187e-09	4.96270e-09	5.35683e-09	5.79536e-09	6.28386e-09	6.84452e-09	7.48845e-09	8.26561e-09	9.19820e-09	1.03695e-08	1.18905e-08	1.39111e-08
6TSL_NAND3B_iddarail_qcorr	6.06845e-05	8.32222e-05	1.08854e-04	1.37339e-04	1.68460e-04	2.02089e-04	2.37838e-04	2.75686e-04	3.15270e-04	3.56645e-04	3.99411e-04	4.43515e-04	4.88938e-04	5.35477e-04
6TSL_NAND3B_acceffrail_qcorr	3.91919e-15	3.98523e-15	4.05338e-15	4.12382e-15	4.19821e-15	4.27712e-15	4.35822e-15	4.44384e-15	4.52915e-15	4.61442e-15	4.70555e-15	4.79144e-15	4.88432e-15	4.97303e-15
6TSL_NAND3B_acreffrail_qcorr	8.23818e+03	6.60809e+03	5.51145e+03	4.73243e+03	4.15500e+03	3.71102e+03	3.36344e+03	3.08306e+03	2.85455e+03	2.66358e+03	2.50356e+03	2.36733e+03	2.24966e+03	2.14750e+03
6TSL_AOI21	3.34930e+01	2.76256e+01	2.36501e+01	2.08071e+01	1.87008e+01	1.70945e+01	1.58380e+01	1.48303e+01	1.40257e+01	1.33592e+01	1.28036e+01	1.23477e+01	1.19595e+01	1.16291e+01
6TSL_AOI21_iddq	4.44089e-09	4.74620e-09	5.08482e-09	5.44564e-09	5.83977e-09	6.27276e-09	6.76126e-09	7.32747e-09	7.98250e-09	8.76521e-09	9.73110e-09	1.09468e-08	1.25122e-08	1.46216e-08
6TSL_AOI21_iddarail_qcorr	5.51491e-05	7.48999e-05	9.72296e-05	1.21930e-04	1.48874e-04	1.77907e-04	2.08895e-04	2.41845e-04	2.76319e-04	3.12393e-04	3.50111e-04	3.89004e-04	4.29233e-04	4.70589e-04
6TSL_AOI21_acceffrail_qcorr	3.69487e-15	3.76262e-15	3.83291e-15	3.90348e-15	3.97756e-15	4.05528e-15	4.13589e-15	4.21984e-15	4.30647e-15	4.39323e-15	4.48294e-15	4.57486e-15	4.66702e-15	4.75904e-15
6TSL_AOI21_acreffrail_qcorr	9.06474e+03	7.34212e+03	6.17026e+03	5.33040e+03	4.70156e+03	4.21537e+03	3.82940e+03	3.51442e+03	3.25690e+03	3.04086e+03	2.85606e+03	2.69903e+03	2.56255e+03	2.44358e+03
6TSL_AOI22	3.77886e+01	3.11283e+01	2.66336e+01	2.34068e+01	2.10194e+01	1.91852e+01	1.77544e+01	1.66136e+01	1.56919e+01	1.49307e+01	1.42994e+01	1.37678e+01	1.33277e+01	1.29330e+01
6TSL_AOI22_iddq	4.47975e-09	4.80171e-09	5.14588e-09	5.52336e-09	5.93969e-09	6.40044e-09	6.93334e-09	7.54952e-09	8.28226e-09	9.17599e-09	1.02918e-08	1.17351e-08	1.36446e-08	1.62204e-08
6TSL_AOI22_iddarail_qcorr	5.20420e-05	7.08188e-05	9.19812e-05	1.15524e-04	1.41154e-04	1.68934e-04	1.98473e-04	2.29789e-04	2.62771e-04	2.97337e-04	3.33244e-04	3.70923e-04	4.09079e-04	4.49482e-04
6TSL_AOI22_acceffrail_qcorr	3.93393e-15	4.00872e-15	4.08349e-15	4.16051e-15	4.23892e-15	4.32175e-15	4.40504e-15	4.49163e-15	4.58184e-15	4.67341e-15	4.76551e-15	4.86396e-15	4.95678e-15	5.05530e-15
6TSL_AOI22_acreffrail_qcorr	9.60582e+03	7.76515e+03	6.52227e+03	5.62595e+03	4.95867e+03	4.43923e+03	4.03048e+03	3.69878e+03	3.42480e+03	3.19481e+03	3.00061e+03	2.83058e+03	2.68877e+03	2.55830e+03
6TSL_OAI21	3.38896e+01	2.79120e+01	2.38610e+01	2.09757e+01	1.88300e+01	1.71868e+01	1.59158e+01	1.49011e+01	1.40790e+01	1.34084e+01	1.28505e+01	1.23851e+01	1.19930e+01	1.16598e+01
6TSL_OAI21_iddq	4.57412e-09	4.89053e-09	5.24025e-09	5.61773e-09	6.02296e-09	6.47815e-09	6.98885e-09	7.56617e-09	8.24341e-09	9.05387e-09	1.00475e-08	1.12910e-08	1.29008e-08	1.50213e-08
6TSL_OAI21_iddarail_qcorr	5.38203e-05	7.32003e-05	9.51439e-05	1.19457e-04	1.46131e-04	1.74999e-04	2.05643e-04	2.38270e-04	2.72682e-04	3.08613e-04	3.45923e-04	3.84602e-04	4.24436e-04	4.65414e-04
6TSL_OAI21_acceffrail_qcorr	3.64858e-15	3.71540e-15	3.78416e-15	3.85532e-15	3.93127e-15	4.01055e-15	4.09151e-15	4.17734e-15	4.26592e-15	4.35607e-15	4.44556e-15	4.53681e-15	4.62782e-15	4.71916e-15
6TSL_OAI21_acreffrail_qcorr	9.28845e+03	7.51254e+03	6.30548e+03	5.44071e+03	4.78980e+03	4.28540e+03	3.88995e+03	3.56714e+03	3.30033e+03	3.07809e+03	2.89063e+03	2.72992e+03	2.59150e+03	2.47074e+03
6TSL_OAI22	3.49361e+01	2.88433e+01	2.47257e+01	2.17615e+01	1.95857e+01	1.78987e+01	1.65925e+01	1.55395e+01	1.46907e+01	1.39949e+01	1.34122e+01	1.29332e+01	1.25191e+01	1.21778e+01
6TSL_OAI22_iddq	4.02178e-09	4.28546e-09	4.57412e-09	4.89053e-09	5.23470e-09	5.62883e-09	6.06737e-09	6.58917e-09	7.21090e-09	7.97695e-09	8.94285e-09	1.01918e-08	1.18572e-08	1.41109e-08
6TSL_OAI22_iddarail_qcorr	5.71089e-05	7.74601e-05	1.00386e-04	1.25846e-04	1.53376e-04	1.83310e-04	2.15180e-04	2.49243e-04	2.84859e-04	3.22115e-04	3.61306e-04	4.01528e-04	4.43204e-04	4.85987e-04
6TSL_OAI22_acceffrail_qcorr	3.99094e-15	4.06268e-15	4.13728e-15	4.21359e-15	4.29172e-15	4.37497e-15	4.46324e-15	4.55687e-15	4.65001e-15	4.74547e-15	4.84618e-15	4.94601e-15	5.04441e-15	5.14664e-15
6TSL_OAI22_acreffrail_qcorr	8.75385e+03	7.09957e+03	5.97632e+03	5.16460e+03	4.56361e+03	4.09115e+03	3.71759e+03	3.41013e+03	3.15929e+03	2.94910e+03	2.76759e+03	2.61487e+03	2.48178e+03	2.36617e+03
7TSL_INV	1.09021e+01	9.32511	8.22917	7.44228	6.85628	6.40334	6.05286	5.77110	5.54737	5.36260	5.21348	5.08790	4.98657	4.90212
7TSL_INV_iddq	9.46465e-09	1.01641e-08	1.09135e-08	1.17240e-08	1.25955e-08	1.35447e-08	1.45828e-08	1.57263e-08	1.70197e-08	1.84852e-08	2.01950e-08	2.22378e-08	2.47358e-08	2.78999e-08
7TSL_INV_iddarail_qcorr	2.18977e-04	2.87677e-04	3.64018e-04	4.46885e-04	5.35584e-04	6.31414e-04	7.32358e-04	8.38521e-04	9.50327e-04	1.06657e-03	1.18719e-03	1.31229e-03	1.44020e-03	1.57129e-03
7TSL_INV_acceffrail_qcorr	4.77504e-15	4.87786e-15	4.99293e-15	5.11698e-15	5.24615e-15	5.39113e-15	5.54132e-15	5.69339e-15	5.85780e-15	6.02083e-15	6.18963e-15	6.35909e-15	6.52901e-15	6.69824e-15
7TSL_INV_acreffrail_qcorr	2.28313e+03	1.91172e+03	1.64816e+03	1.45443e+03	1.30692e+03	1.18776e+03	1.09231e+03	1.01365e+03	9.47005e+02	8.90674e+02	8.42293e+02	8.00099e+02	7.63756e+02	7.31853e+02
7TSL_NAND2B	1.84882e+01	1.54337e+01	1.33618e+01	1.18778e+01	1.07789e+01	9.93485	9.28077	8.75944	8.33686	7.99282	7.70969	7.47323	7.27906	7.11224
7TSL_NAND2B_iddq	6.62248e-09	7.14429e-09	7.71050e-09	8.32112e-09	8.98726e-09	9.71445e-09	1.05249e-08	1.14353e-08	1.24734e-08	1.36835e-08	1.51157e-08	1.68754e-08	1.90736e-08	2.19380e-08
7TSL_NAND2B_iddarail_qcorr	1.15153e-04	1.54771e-04	1.98792e-04	2.46969e-04	2.98927e-04	3.54491e-04	4.12961e-04	4.74353e-04	5.38304e-04	6.04316e-04	6.72268e-04	7.42308e-04	8.13293e-04	8.86117e-04
7TSL_NAND2B_acceffrail_qcorr	4.25845e-15	4.34351e-15	4.42740e-15	4.51330e-15	4.60329e-15	4.69604e-15	4.79101e-15	4.88857e-15	4.98665e-15	5.08466e-15	5.18323e-15	5.28354e-15	5.38210e-15	5.48053e-15
7TSL_NAND2B_acreffrail_qcorr	4.34152e+03	3.55329e+03	3.01798e+03	2.63172e+03	2.34156e+03	2.11558e+03	1.93712e+03	1.79182e+03	1.67184e+03	1.57195e+03	1.48743e+03	1.41444e+03	1.35246e+03	1.29773e+03
7TSL_NOR2B	2.00532e+01	1.67745e+01	1.45294e+01	1.29074e+01	1.17045e+01	1.07899e+01	1.00717e+01	9.49892	9.03343	8.65423	8.34271	8.07884	7.86242	7.67834
7TSL_NOR2B_iddq	7.46070e-09	7.99916e-09	8.57647e-09	9.19265e-09	9.86988e-09	1.06137e-08	1.14353e-08	1.23623e-08	1.34281e-08	1.46771e-08	1.61704e-08	1.80078e-08	2.03282e-08	2.33480e-08
7TSL_NOR2B_iddarail_qcorr	1.06633e-04	1.43069e-04	1.83917e-04	2.28834e-04	2.77373e-04	3.29497e-04	3.84635e-04	4.43080e-04	5.04353e-04	5.68045e-04	6.33664e-04	7.01822e-04	7.71541e-04	8.43069e-04
7TSL_NOR2B_acceffrail_qcorr	4.27733e-15	4.36403e-15	4.45415e-15	4.54448e-15	4.63826e-15	4.74064e-15	4.84272e-15	4.95181e-15	5.06257e-15	5.17502e-15	5.28677e-15	5.40021e-15	5.51502e-15	5.62936e-15
7TSL_NOR2B_acreffrail_qcorr	4.68825e+03	3.84382e+03	3.26200e+03	2.84024e+03	2.52348e+03	2.27604e+03	2.07976e+03	1.91827e+03	1.78436e+03	1.67231e+03	1.57804e+03	1.49602e+03	1.42564e+03	1.36398e+03
7TSL_NAND3B	2.48340e+01	2.04838e+01	1.75255e+01	1.54184e+01	1.38686e+01	1.26879e+01	1.17709e+01	1.10407e+01	1.04544e+01	9.97021	9.58398	9.25489	8.97904	8.74418
7TSL_NAND3B_iddq	8.06577e-09	8.71525e-09	9.42024e-09	1.01863e-08	1.10134e-08	1.19238e-08	1.29341e-08	1.40721e-08	1.53710e-08	1.68698e-08	1.86628e-08	2.08500e-08	2.35811e-08	2.71116e-08
7TSL_NAND3B_iddarail_qcorr	9.76379e-05	1.32759e-04	1.72586e-04	2.16696e-04	2.64562e-04	3.16116e-04	3.70823e-04	4.28644e-04	4.89098e-04	5.51823e-04	6.16507e-04	6.83477e-04	7.51984e-04	8.22130e-04
7TSL_NAND3B_acceffrail_qcorr	4.85035e-15	4.94509e-15	5.04169e-15	5.14070e-15	5.24203e-15	5.34824e-15	5.45657e-15	5.56808e-15	5.68174e-15	5.79173e-15	5.90898e-15	6.02468e-15	6.13868e-15	6.25162e-15
7TSL_NAND3B_acreffrail_qcorr	5.12006e+03	4.14225e+03	3.47611e+03	2.99929e+03	2.64564e+03	2.37236e+03	2.15720e+03	1.98286e+03	1.84000e+03	1.72145e+03	1.62194e+03	1.53616e+03	1.46270e+03	1.39871e+03
7TSL_AOI21	2.60066e+01	2.16694e+01	1.86961e+01	1.65599e+01	1.49656e+01	1.37401e+01	1.27796e+01	1.20134e+01	1.13942e+01	1.08840e+01	1.04642e+01	1.01020e+01	9.80607	9.55551
7TSL_AOI21_iddq	8.82627e-09	9.48130e-09	1.01807e-08	1.09412e-08	1.17739e-08	1.26787e-08	1.36890e-08	1.48326e-08	1.61315e-08	1.76581e-08	1.94844e-08	2.17271e-08	2.45470e-08	2.82219e-08
7TSL_AOI21_iddarail_qcorr	8.82825e-05	1.19055e-04	1.53675e-04	1.91905e-04	2.33511e-04	2.78293e-04	3.25839e-04	3.76149e-04	4.29087e-04	4.84322e-04	5.41625e-04	6.01608e-04	6.63043e-04	7.25770e-04
7TSL_AOI21_acceffrail_qcorr	4.59286e-15	4.69144e-15	4.78921e-15	4.88972e-15	4.99288e-15	5.09888e-15	5.20560e-15	5.31674e-15	5.43280e-15	5.54923e-15	5.66813e-15	5.78852e-15	5.91125e-15	6.03103e-15
7TSL_AOI21_acreffrail_qcorr	5.66240e+03	4.61892e+03	3.90379e+03	3.38667e+03	2.99738e+03	2.69473e+03	2.45498e+03	2.25955e+03	2.09731e+03	1.96135e+03	1.84615e+03	1.74518e+03	1.65888e+03	1.58439e+03
7TSL_AOI22	2.90961e+01	2.42195e+01	2.08819e+01	1.84868e+01	1.66959e+01	1.53223e+01	1.42404e+01	1.33796e+01	1.26733e+01	1.21083e+01	1.16297e+01	1.12300e+01	1.08922e+01	1.06039e+01
7TSL_AOI22_iddq	8.87901e-09	9.54237e-09	1.02696e-08	1.10523e-08	1.19071e-08	1.28619e-08	1.39277e-08	1.51434e-08	1.65645e-08	1.82521e-08	2.03115e-08	2.29039e-08	2.62346e-08	3.06533e-08
7TSL_AOI22_iddarail_qcorr	8.38199e-05	1.13139e-04	1.46112e-04	1.82588e-04	2.22249e-04	2.64906e-04	3.10276e-04	3.58270e-04	4.08728e-04	4.61408e-04	5.16174e-04	5.73007e-04	6.31821e-04	6.92043e-04
7TSL_AOI22_acceffrail_qcorr	4.87878e-15	4.98305e-15	5.08595e-15	5.19371e-15	5.30155e-15	5.41253e-15	5.52362e-15	5.63994e-15	5.75598e-15	5.88143e-15	6.00346e-15	6.12898e-15	6.25685e-15	6.38177e-15
7TSL_AOI22_acreffrail_qcorr	5.96380e+03	4.86038e+03	4.10580e+03	3.55946e+03	3.14925e+03	2.83090e+03	2.57810e+03	2.37229e+03	2.20176e+03	2.05874e+03	1.93717e+03	1.83228e+03	1.74084e+03	1.66159e+03
7TSL_OAI21	2.62944e+01	2.18729e+01	1.88651e+01	1.66898e+01	1.50749e+01	1.38432e+01	1.28732e+01	1.20970e+01	1.14731e+01	1.09598e+01	1.05374e+01	1.01806e+01	9.88330	9.62941
7TSL_OAI21_iddq	9.08995e-09	9.76996e-09	1.05027e-08	1.12854e-08	1.21458e-08	1.30895e-08	1.41331e-08	1.53155e-08	1.66589e-08	1.82299e-08	2.01061e-08	2.24043e-08	2.52909e-08	2.90212e-08
7TSL_OAI21_iddarail_qcorr	8.63233e-05	1.16616e-04	1.50559e-04	1.88260e-04	2.29284e-04	2.73480e-04	3.20654e-04	3.70613e-04	4.22938e-04	4.77600e-04	5.34206e-04	5.92828e-04	6.53164e-04	7.15435e-04
7TSL_OAI21_acceffrail_qcorr	4.54068e-15	4.63851e-15	4.73457e-15	4.83452e-15	4.93834e-15	5.04830e-15	5.16032e-15	5.27493e-15	5.39204e-15	5.51037e-15	5.62963e-15	5.74843e-15	5.86906e-15	5.99115e-15
7TSL_OAI21_acreffrail_qcorr	5.79085e+03	4.71549e+03	3.98454e+03	3.45222e+03	3.05263e+03	2.74215e+03	2.49466e+03	2.29329e+03	2.12779e+03	1.98895e+03	1.87178e+03	1.77103e+03	1.68397e+03	1.60727e+03
7TSL_OAI22	2.72044e+01	2.26775e+01	1.96121e+01	1.73834e+01	1.57150e+01	1.44385e+01	1.34413e+01	1.26416e+01	1.19920e+01	1.14618e+01	1.10214e+01	1.06484e+01	1.03337e+01	1.00730e+01
7TSL_OAI22_iddq	7.91867e-09	8.47100e-09	9.06497e-09	9.72000e-09	1.04250e-08	1.12133e-08	1.21014e-08	1.31228e-08	1.43108e-08	1.57430e-08	1.75027e-08	1.97176e-08	2.26041e-08	2.64344e-08
7TSL_OAI22_iddarail_qcorr	9.14444e-05	1.23245e-04	1.58628e-04	1.97889e-04	2.40638e-04	2.86546e-04	3.35466e-04	3.87470e-04	4.41914e-04	4.98700e-04	5.57833e-04	6.19342e-04	6.82172e-04	7.47349e-04
7TSL_OAI22_acceffrail_qcorr	4.97631e-15	5.08236e-15	5.18569e-15	5.29284e-15	5.40283e-15	5.51688e-15	5.63681e-15	5.76308e-15	5.88867e-15	6.01727e-15	6.14855e-15	6.28139e-15	6.40895e-15	6.54664e-15
7TSL_OAI22_acreffrail_qcorr	5.46677e+03	4.46199e+03	3.78197e+03	3.28432e+03	2.90866e+03	2.61716e+03	2.38456e+03	2.19356e+03	2.03645e+03	1.90482e+03	1.79253e+03	1.69523e+03	1.61238e+03	1.53865e+03
8TSL_INV	1.00452e+01	8.65648	7.68623	6.98680	6.46463	6.06625	5.74790	5.50318	5.30500	5.14198	5.01111	4.90337	4.81592	4.74210
8TSL_INV_iddq	1.40193e-08	1.50768e-08	1.62037e-08	1.74250e-08	1.87350e-08	2.01617e-08	2.17160e-08	2.34368e-08	2.53575e-08	2.75335e-08	3.00426e-08	3.30180e-08	3.66374e-08	4.11671e-08
8TSL_INV_iddarail_qcorr	2.88040e-04	3.76848e-04	4.74771e-04	5.81162e-04	6.96106e-04	8.18155e-04	9.48849e-04	1.08526e-03	1.22950e-03	1.37929e-03	1.53485e-03	1.69631e-03	1.86113e-03	2.03159e-03
8TSL_INV_acceffrail_qcorr	5.78747e-15	5.93175e-15	6.08244e-15	6.24728e-15	6.42905e-15	6.61787e-15	6.81770e-15	7.02667e-15	7.24756e-15	7.46589e-15	7.69163e-15	7.92190e-15	8.14857e-15	8.37778e-15
8TSL_INV_acreffrail_qcorr	1.73569e+03	1.45935e+03	1.26367e+03	1.11838e+03	1.00553e+03	9.16647e+02	8.43085e+02	7.83186e+02	7.31971e+02	6.88729e+02	6.51502e+02	6.18964e+02	5.91015e+02	5.66033e+02
8TSL_NAND2B	1.61690e+01	1.36040e+01	1.18384e+01	1.05725e+01	9.63247	8.91766	8.35383	7.90881	7.54864	7.25246	7.01174	6.80694	6.64275	6.50002
8TSL_NAND2B_iddq	9.93927e-09	1.07303e-08	1.15852e-08	1.25122e-08	1.35225e-08	1.46216e-08	1.58429e-08	1.72029e-08	1.87461e-08	2.05280e-08	2.26263e-08	2.51688e-08	2.83440e-08	3.24074e-08
8TSL_NAND2B_iddarail_qcorr	1.57842e-04	2.10723e-04	2.69823e-04	3.34238e-04	4.03211e-04	4.76758e-04	5.54409e-04	6.35439e-04	7.19897e-04	8.07030e-04	8.96775e-04	9.88976e-04	1.08301e-03	1.17921e-03
8TSL_NAND2B_acceffrail_qcorr	5.10497e-15	5.21270e-15	5.32428e-15	5.43693e-15	5.54885e-15	5.66913e-15	5.78965e-15	5.91278e-15	6.03838e-15	6.16134e-15	6.28830e-15	6.41169e-15	6.54051e-15	6.66551e-15
8TSL_NAND2B_acreffrail_qcorr	3.16730e+03	2.60978e+03	2.22347e+03	1.94456e+03	1.73594e+03	1.57302e+03	1.44289e+03	1.33758e+03	1.25011e+03	1.17709e+03	1.11505e+03	1.06165e+03	1.01563e+03	9.75172e+02
8TSL_NOR2B	1.75040e+01	1.47208e+01	1.28254e+01	1.14499e+01	1.04279e+01	9.64339	9.02843	8.54035	8.14166	7.82422	7.55434	7.33149	7.14486	6.98038
8TSL_NOR2B_iddq	1.08996e-08	1.16962e-08	1.25511e-08	1.34670e-08	1.44718e-08	1.55709e-08	1.67810e-08	1.81521e-08	1.97065e-08	2.15161e-08	2.36700e-08	2.63123e-08	2.96096e-08	3.38618e-08
8TSL_NOR2B_iddarail_qcorr	1.46249e-04	1.95419e-04	2.50094e-04	3.10224e-04	3.74924e-04	4.44291e-04	5.18018e-04	5.95623e-04	6.77034e-04	7.60537e-04	8.47893e-04	9.37825e-04	1.03033e-03	1.12595e-03
8TSL_NOR2B_acceffrail_qcorr	5.12073e-15	5.23111e-15	5.34650e-15	5.46522e-15	5.58572e-15	5.71306e-15	5.84653e-15	5.98491e-15	6.12503e-15	6.26418e-15	6.40566e-15	6.54865e-15	6.69278e-15	6.83488e-15
8TSL_NOR2B_acreffrail_qcorr	3.41826e+03	2.81409e+03	2.39883e+03	2.09506e+03	1.86689e+03	1.68795e+03	1.54424e+03	1.42698e+03	1.32924e+03	1.24904e+03	1.17932e+03	1.11954e+03	1.06755e+03	1.02129e+03
8TSL_NAND3B	2.15536e+01	1.79043e+01	1.54031e+01	1.36204e+01	1.23004e+01	1.12915e+01	1.05089e+01	9.88339	9.38581	8.97988	8.64158	8.36459	8.12739	7.92719
8TSL_NAND3B_iddq	1.21708e-08	1.31617e-08	1.42331e-08	1.53932e-08	1.66533e-08	1.80411e-08	1.95621e-08	2.12719e-08	2.32092e-08	2.54408e-08	2.80664e-08	3.12417e-08	3.51719e-08	4.01901e-08
8TSL_NAND3B_iddarail_qcorr	1.34088e-04	1.81377e-04	2.34806e-04	2.93703e-04	3.57563e-04	4.26075e-04	4.98847e-04	5.75323e-04	6.55275e-04	7.38083e-04	8.23937e-04	9.12131e-04	1.00247e-03	1.09470e-03
8TSL_NAND3B_acceffrail_qcorr	5.78127e-15	5.90533e-15	6.02868e-15	6.15507e-15	6.28375e-15	6.41528e-15	6.55346e-15	6.69011e-15	6.83417e-15	6.97725e-15	7.12064e-15	7.26682e-15	7.40737e-15	7.54662e-15
8TSL_NAND3B_acreffrail_qcorr	3.72817e+03	3.03189e+03	2.55496e+03	2.21287e+03	1.95750e+03	1.76009e+03	1.60356e+03	1.47731e+03	1.37337e+03	1.28702e+03	1.21360e+03	1.15107e+03	1.09720e+03	1.05043e+03
8TSL_AOI21	2.27395e+01	1.90642e+01	1.65211e+01	1.47019e+01	1.33343e+01	1.22803e+01	1.14577e+01	1.07966e+01	1.02630e+01	9.82932	9.46135	9.15687	8.90401	8.69564
8TSL_AOI21_iddq	1.30090e-08	1.39833e-08	1.50380e-08	1.61759e-08	1.74083e-08	1.87572e-08	2.02560e-08	2.19380e-08	2.38531e-08	2.60847e-08	2.87270e-08	3.19411e-08	3.59823e-08	4.11560e-08
8TSL_AOI21_iddarail_qcorr	1.21258e-04	1.62757e-04	2.09472e-04	2.60685e-04	3.16470e-04	3.76160e-04	4.39656e-04	5.06895e-04	5.77478e-04	6.50617e-04	7.27449e-04	8.06465e-04	8.87575e-04	9.70320e-04
8TSL_AOI21_acceffrail_qcorr	5.51600e-15	5.64257e-15	5.76874e-15	5.89702e-15	6.02914e-15	6.15981e-15	6.29741e-15	6.43912e-15	6.58574e-15	6.73229e-15	6.88324e-15	7.03365e-15	7.18516e-15	7.33769e-15
8TSL_AOI21_acreffrail_qcorr	4.12247e+03	3.37865e+03	2.86390e+03	2.49310e+03	2.21163e+03	1.99362e+03	1.81942e+03	1.67672e+03	1.55836e+03	1.46003e+03	1.37455e+03	1.30187e+03	1.23922e+03	1.18507e+03
8TSL_AOI22	2.52742e+01	2.11776e+01	1.83704e+01	1.63257e+01	1.48058e+01	1.36269e+01	1.27140e+01	1.19784e+01	1.13829e+01	1.08840e+01	1.04858e+01	1.01426e+01	9.85830	9.61577
8TSL_AOI22_iddq	1.30645e-08	1.40610e-08	1.51323e-08	1.62981e-08	1.75693e-08	1.89737e-08	2.05502e-08	2.23377e-08	2.44027e-08	2.68452e-08	2.98095e-08	3.34843e-08	3.82139e-08	4.43978e-08
8TSL_AOI22_iddarail_qcorr	1.15607e-04	1.55233e-04	1.99666e-04	2.48718e-04	3.01782e-04	3.59033e-04	4.19335e-04	4.83323e-04	5.50499e-04	6.20975e-04	6.93325e-04	7.68482e-04	8.46402e-04	9.26150e-04
8TSL_AOI22_acceffrail_qcorr	5.84519e-15	5.97840e-15	6.11423e-15	6.24781e-15	6.38383e-15	6.52411e-15	6.66497e-15	6.81179e-15	6.96318e-15	7.11509e-15	7.27078e-15	7.42394e-15	7.58628e-15	7.74485e-15
8TSL_AOI22_acreffrail_qcorr	4.32393e+03	3.54236e+03	3.00452e+03	2.61303e+03	2.31926e+03	2.08870e+03	1.90758e+03	1.75848e+03	1.63472e+03	1.52971e+03	1.44219e+03	1.36620e+03	1.29949e+03	1.24157e+03
8TSL_OAI21	2.30470e+01	1.93045e+01	1.67300e+01	1.48701e+01	1.34770e+01	1.24215e+01	1.15865e+01	1.09223e+01	1.03822e+01	9.94319	9.57893	9.27619	9.01889	8.80314
8TSL_OAI21_iddq	1.34281e-08	1.44440e-08	1.55376e-08	1.67200e-08	1.80023e-08	1.94067e-08	2.09610e-08	2.27041e-08	2.46803e-08	2.69840e-08	2.97040e-08	3.30180e-08	3.71370e-08	4.24216e-08
8TSL_OAI21_iddarail_qcorr	1.18611e-04	1.59343e-04	2.05086e-04	2.55593e-04	3.10576e-04	3.69391e-04	4.32093e-04	4.98443e-04	5.68031e-04	6.40253e-04	7.15392e-04	7.92690e-04	8.72861e-04	9.54661e-04
8TSL_OAI21_acceffrail_qcorr	5.46861e-15	5.59389e-15	5.71942e-15	5.84804e-15	5.98023e-15	6.11856e-15	6.25874e-15	6.40553e-15	6.55333e-15	6.70184e-15	6.85331e-15	7.00362e-15	7.15724e-15	7.30854e-15
8TSL_OAI21_acreffrail_qcorr	4.21442e+03	3.45100e+03	2.92512e+03	2.54275e+03	2.25359e+03	2.03014e+03	1.85126e+03	1.70514e+03	1.58427e+03	1.48365e+03	1.39771e+03	1.32448e+03	1.26011e+03	1.20450e+03
8TSL_OAI22	2.38152e+01	2.00085e+01	1.73635e+01	1.54689e+01	1.40467e+01	1.29473e+01	1.20910e+01	1.14060e+01	1.08465e+01	1.03862e+01	1.00106e+01	9.69134	9.41883	9.19567
8TSL_OAI22_iddq	1.15935e-08	1.24123e-08	1.32894e-08	1.42442e-08	1.52933e-08	1.64424e-08	1.77469e-08	1.92235e-08	2.09444e-08	2.29983e-08	2.55018e-08	2.86438e-08	3.27072e-08	3.80584e-08
8TSL_OAI22_iddarail_qcorr	1.25590e-04	1.68176e-04	2.16098e-04	2.68522e-04	3.25464e-04	3.86786e-04	4.51935e-04	5.20680e-04	5.93015e-04	6.68445e-04	7.46231e-04	8.27437e-04	9.11364e-04	9.96529e-04
8TSL_OAI22_acceffrail_qcorr	5.98310e-15	6.11905e-15	6.25452e-15	6.39112e-15	6.53167e-15	6.67771e-15	6.83103e-15	6.98750e-15	7.14736e-15	7.30855e-15	7.47082e-15	7.63769e-15	7.80423e-15	7.96915e-15
8TSL_OAI22_acreffrail_qcorr	3.98041e+03	3.26986e+03	2.77615e+03	2.42038e+03	2.15056e+03	1.93888e+03	1.77002e+03	1.63235e+03	1.51755e+03	1.42110e+03	1.33997e+03	1.26888e+03	1.20689e+03	1.15391e+03
