6TSL_INV	9.61650	8.56405	7.80820	7.24048	6.80758	6.46862	6.19576	5.97546	5.79657	5.65046	5.52992	5.43729	5.35031	5.28221
6TSL_INV_iddq	5.55000e-08	5.87030e-08	6.20504e-08	6.55587e-08	6.92280e-08	7.30804e-08	7.71438e-08	8.14238e-08	8.59535e-08	9.07774e-08	9.59344e-08	1.01508e-07	1.07592e-07	1.14386e-07
6TSL_INV_iddarail	2.14332e-04	2.72412e-04	3.35305e-04	4.03344e-04	4.75755e-04	5.52192e-04	6.32738e-04	7.16628e-04	8.03444e-04	8.93383e-04	9.85567e-04	1.07866e-03	1.17605e-03	1.27448e-03
6TSL_INV_acceff	4.12460e-15	4.24374e-15	4.36533e-15	4.49454e-15	4.62825e-15	4.76395e-15	4.90168e-15	5.03912e-15	5.17590e-15	5.31490e-15	5.45128e-15	5.58686e-15	5.72134e-15	5.85512e-15
6TSL_INV_acreff	2.33150e+03	2.01804e+03	1.78868e+03	1.61095e+03	1.47088e+03	1.35783e+03	1.26401e+03	1.18581e+03	1.11991e+03	1.06314e+03	1.01443e+03	9.73229e+02	9.35149e+02	9.02151e+02
6TSL_NAND2B	1.67161e+01	1.46467e+01	1.31655e+01	1.20601e+01	1.12091e+01	1.05442e+01	1.00147e+01	9.58506	9.23084	8.93880	8.69497	8.49710	8.33231	8.18783
6TSL_NAND2B_iddq	3.19494e-08	3.38785e-08	3.58935e-08	3.80140e-08	4.02400e-08	4.25937e-08	4.50806e-08	4.77229e-08	5.05374e-08	5.35738e-08	5.68601e-08	6.04738e-08	6.45373e-08	6.91780e-08
6TSL_NAND2B_iddarail	1.10864e-04	1.42333e-04	1.76771e-04	2.13886e-04	2.53402e-04	2.95115e-04	3.38638e-04	3.84053e-04	4.31028e-04	4.79328e-04	5.28801e-04	5.79094e-04	6.29831e-04	6.82239e-04
6TSL_NAND2B_acceff	3.70876e-15	3.79235e-15	3.88051e-15	3.96998e-15	4.05914e-15	4.15029e-15	4.24042e-15	4.33197e-15	4.42197e-15	4.51122e-15	4.59899e-15	4.68737e-15	4.77192e-15	4.85851e-15
6TSL_NAND2B_acreff	4.50720e+03	3.86216e+03	3.39272e+03	3.03782e+03	2.76145e+03	2.54058e+03	2.36171e+03	2.21263e+03	2.08749e+03	1.98146e+03	1.89063e+03	1.81276e+03	1.74611e+03	1.68525e+03
6TSL_NOR2B	1.83480e+01	1.60385e+01	1.43709e+01	1.31428e+01	1.21949e+01	1.14609e+01	1.08651e+01	1.03872e+01	9.99291	9.66873	9.39927	9.17620	8.98140	8.82052
6TSL_NOR2B_iddq	5.05235e-08	5.33518e-08	5.63105e-08	5.93914e-08	6.26221e-08	6.60194e-08	6.95832e-08	7.33469e-08	7.73492e-08	8.16069e-08	8.61977e-08	9.12048e-08	9.67226e-08	1.02962e-07
6TSL_NOR2B_iddarail	1.01580e-04	1.30882e-04	1.63270e-04	1.98189e-04	2.35679e-04	2.75221e-04	3.16971e-04	3.60549e-04	4.06126e-04	4.52558e-04	5.00597e-04	5.49923e-04	6.00343e-04	6.51630e-04
6TSL_NOR2B_acceff	3.73168e-15	3.82008e-15	3.91356e-15	4.00998e-15	4.10824e-15	4.20793e-15	4.30701e-15	4.40799e-15	4.51120e-15	4.60780e-15	4.70704e-15	4.80767e-15	4.90349e-15	4.99976e-15
6TSL_NOR2B_acreff	4.91683e+03	4.19846e+03	3.67208e+03	3.27752e+03	2.96840e+03	2.72364e+03	2.52266e+03	2.35645e+03	2.21513e+03	2.09834e+03	1.99685e+03	1.90866e+03	1.83163e+03	1.76419e+03
6TSL_NAND3B	2.18001e+01	1.89496e+01	1.68894e+01	1.53662e+01	1.42011e+01	1.32819e+01	1.25555e+01	1.19694e+01	1.14842e+01	1.10849e+01	1.07472e+01	1.04705e+01	1.02287e+01	1.00346e+01
6TSL_NAND3B_iddq	3.54161e-08	3.76088e-08	3.99125e-08	4.23328e-08	4.48863e-08	4.75842e-08	5.04374e-08	5.34794e-08	5.67324e-08	6.02407e-08	6.40543e-08	6.82676e-08	7.29972e-08	7.84706e-08
6TSL_NAND3B_iddarail	9.71774e-05	1.25898e-04	1.57758e-04	1.92404e-04	2.29577e-04	2.68981e-04	3.10348e-04	3.53691e-04	3.98905e-04	4.45154e-04	4.93104e-04	5.41903e-04	5.92008e-04	6.42739e-04
6TSL_NAND3B_acceff	4.24031e-15	4.34048e-15	4.44320e-15	4.55066e-15	4.65948e-15	4.76525e-15	4.87243e-15	4.98220e-15	5.09171e-15	5.19575e-15	5.30101e-15	5.40529e-15	5.50647e-15	5.60985e-15
6TSL_NAND3B_acreff	5.14114e+03	4.36578e+03	3.80119e+03	3.37669e+03	3.04779e+03	2.78723e+03	2.57684e+03	2.40244e+03	2.25548e+03	2.13346e+03	2.02739e+03	1.93708e+03	1.85758e+03	1.78874e+03
6TSL_AOI21	2.32366e+01	2.02516e+01	1.81144e+01	1.65164e+01	1.52790e+01	1.43143e+01	1.35344e+01	1.29247e+01	1.24064e+01	1.19891e+01	1.16305e+01	1.13325e+01	1.10845e+01	1.08646e+01
6TSL_AOI21_iddq	5.38042e-08	5.68712e-08	6.00742e-08	6.34270e-08	6.69409e-08	7.06379e-08	7.45293e-08	7.86371e-08	8.30114e-08	8.76854e-08	9.27369e-08	9.82658e-08	1.04394e-07	1.11344e-07
6TSL_AOI21_iddarail	8.59865e-05	1.11118e-04	1.38796e-04	1.68894e-04	2.01300e-04	2.35821e-04	2.72264e-04	3.10050e-04	3.49807e-04	3.90805e-04	4.33168e-04	4.77076e-04	5.21312e-04	5.67433e-04
6TSL_AOI21_acceff	4.00157e-15	4.09609e-15	4.19433e-15	4.29512e-15	4.39704e-15	4.50379e-15	4.60894e-15	4.71711e-15	4.82458e-15	4.93446e-15	5.04035e-15	5.15135e-15	5.25546e-15	5.36315e-15
6TSL_AOI21_acreff	5.80685e+03	4.94413e+03	4.31879e+03	3.84539e+03	3.47485e+03	3.17828e+03	2.93656e+03	2.73996e+03	2.57150e+03	2.42968e+03	2.30748e+03	2.19991e+03	2.10913e+03	2.02579e+03
6TSL_AOI22	2.63957e+01	2.29825e+01	2.05050e+01	1.86673e+01	1.72567e+01	1.61431e+01	1.52467e+01	1.45240e+01	1.39309e+01	1.34358e+01	1.30153e+01	1.26759e+01	1.23717e+01	1.21157e+01
6TSL_AOI22_iddq	5.44731e-08	5.75873e-08	6.08347e-08	6.42320e-08	6.78013e-08	7.15539e-08	7.55229e-08	7.97251e-08	8.42049e-08	8.90288e-08	9.42746e-08	1.00064e-07	1.06581e-07	1.14131e-07
6TSL_AOI22_iddarail	8.08141e-05	1.04435e-04	1.30630e-04	1.59099e-04	1.89768e-04	2.22407e-04	2.56955e-04	2.93083e-04	3.30720e-04	3.70088e-04	4.10605e-04	4.51928e-04	4.94790e-04	5.38896e-04
6TSL_AOI22_acceff	4.27263e-15	4.36927e-15	4.46887e-15	4.57321e-15	4.68195e-15	4.79052e-15	4.90034e-15	5.01093e-15	5.12202e-15	5.23692e-15	5.34684e-15	5.45849e-15	5.56756e-15	5.68011e-15
6TSL_AOI22_acreff	6.17785e+03	5.26004e+03	4.58842e+03	4.08187e+03	3.68580e+03	3.36980e+03	3.11136e+03	2.89846e+03	2.71981e+03	2.56560e+03	2.43420e+03	2.32225e+03	2.22211e+03	2.13300e+03
6TSL_OAI21	2.34718e+01	2.04480e+01	1.82719e+01	1.66502e+01	1.54069e+01	1.44291e+01	1.36548e+01	1.30256e+01	1.25070e+01	1.20754e+01	1.17125e+01	1.14152e+01	1.11559e+01	1.09327e+01
6TSL_OAI21_iddq	5.39735e-08	5.70599e-08	6.02851e-08	6.36546e-08	6.71796e-08	7.08933e-08	7.48013e-08	7.89369e-08	8.33222e-08	8.80240e-08	9.30978e-08	9.86433e-08	1.04794e-07	1.11788e-07
6TSL_OAI21_iddarail	8.43578e-05	1.09171e-04	1.36659e-04	1.66533e-04	1.98728e-04	2.33022e-04	2.69041e-04	3.06957e-04	3.46329e-04	3.87285e-04	4.29659e-04	4.73013e-04	5.17745e-04	5.63677e-04
6TSL_OAI21_acceff	3.96565e-15	4.06347e-15	4.16573e-15	4.26944e-15	4.37723e-15	4.48607e-15	4.59492e-15	4.70653e-15	4.81538e-15	4.92520e-15	5.03476e-15	5.14476e-15	5.25318e-15	5.36105e-15
6TSL_OAI21_acreff	5.91879e+03	5.03216e+03	4.38624e+03	3.89985e+03	3.51978e+03	3.21643e+03	2.97171e+03	2.76755e+03	2.59731e+03	2.45175e+03	2.32632e+03	2.21879e+03	2.12365e+03	2.03929e+03
6TSL_OAI22	2.44787e+01	2.13310e+01	1.90669e+01	1.73745e+01	1.60867e+01	1.50697e+01	1.42574e+01	1.36020e+01	1.30555e+01	1.26124e+01	1.22357e+01	1.19178e+01	1.16366e+01	1.14156e+01
6TSL_OAI22_iddq	5.17392e-08	5.45730e-08	5.75262e-08	6.06015e-08	6.38323e-08	6.72129e-08	7.07767e-08	7.45515e-08	7.85705e-08	8.28837e-08	8.75744e-08	9.27369e-08	9.85545e-08	1.05260e-07
6TSL_OAI22_iddarail	8.84074e-05	1.14267e-04	1.42845e-04	1.74041e-04	2.07430e-04	2.43096e-04	2.80820e-04	3.20171e-04	3.61236e-04	4.03632e-04	4.47622e-04	4.92980e-04	5.39850e-04	5.86706e-04
6TSL_OAI22_acceff	4.33379e-15	4.43638e-15	4.54337e-15	4.65571e-15	4.77017e-15	4.88750e-15	5.00749e-15	5.12612e-15	5.24267e-15	5.36114e-15	5.47935e-15	5.59778e-15	5.71320e-15	5.82630e-15
6TSL_OAI22_acreff	5.64833e+03	4.80820e+03	4.19663e+03	3.73188e+03	3.37234e+03	3.08332e+03	2.84721e+03	2.65347e+03	2.49025e+03	2.35256e+03	2.23306e+03	2.12902e+03	2.03678e+03	1.95932e+03
7TSL_INV	8.18245	7.36066	6.75968	6.30937	5.96818	5.69928	5.48405	5.31606	5.17365	5.06008	4.96547	4.89498	4.82946	4.77143
7TSL_INV_iddq	1.08719e-07	1.15780e-07	1.23207e-07	1.31034e-07	1.39294e-07	1.48020e-07	1.57252e-07	1.67033e-07	1.77414e-07	1.88477e-07	2.00306e-07	2.13030e-07	2.26852e-07	2.42018e-07
7TSL_INV_iddarail	3.23573e-04	4.08561e-04	5.01528e-04	6.01780e-04	7.08115e-04	8.20611e-04	9.39443e-04	1.06190e-03	1.19053e-03	1.32299e-03	1.45978e-03	1.59783e-03	1.74144e-03	1.89035e-03
7TSL_INV_acceff	5.29915e-15	5.47120e-15	5.65334e-15	5.84411e-15	6.03998e-15	6.23833e-15	6.44232e-15	6.64359e-15	6.84601e-15	7.04899e-15	7.25066e-15	7.45111e-15	7.64784e-15	7.84539e-15
7TSL_INV_acreff	1.54411e+03	1.34535e+03	1.19570e+03	1.07961e+03	9.88112e+02	9.13591e+02	8.51255e+02	8.00179e+02	7.55718e+02	7.17846e+02	6.84830e+02	6.56947e+02	6.31481e+02	6.08183e+02
7TSL_NAND2B	1.31472e+01	1.16191e+01	1.05153e+01	9.68143	9.04833	8.54508	8.14295	7.82747	7.55692	7.34690	7.15836	7.01293	6.88513	6.77728
7TSL_NAND2B_iddq	6.27692e-08	6.69464e-08	7.13485e-08	7.59948e-08	8.09075e-08	8.61089e-08	9.16323e-08	9.74998e-08	1.03761e-07	1.10478e-07	1.17728e-07	1.25633e-07	1.34359e-07	1.44174e-07
7TSL_NAND2B_iddarail	1.76402e-04	2.25021e-04	2.78014e-04	3.35005e-04	3.95474e-04	4.59247e-04	5.25614e-04	5.94595e-04	6.65882e-04	7.38512e-04	8.13698e-04	8.90559e-04	9.68306e-04	1.04751e-03
7TSL_NAND2B_acceff	4.64200e-15	4.75679e-15	4.87505e-15	4.99221e-15	5.11426e-15	5.23455e-15	5.35210e-15	5.47746e-15	5.59304e-15	5.71321e-15	5.82658e-15	5.94986e-15	6.06267e-15	6.17516e-15
7TSL_NAND2B_acreff	2.83224e+03	2.44262e+03	2.15696e+03	1.93931e+03	1.76924e+03	1.63244e+03	1.52145e+03	1.42903e+03	1.35113e+03	1.28595e+03	1.22857e+03	1.17867e+03	1.13566e+03	1.09751e+03
7TSL_NOR2B	1.44275e+01	1.27103e+01	1.14721e+01	1.05490e+01	9.84048	9.28563	8.84162	8.48098	8.18628	7.94347	7.73827	7.57132	7.42593	7.30372
7TSL_NOR2B_iddq	9.85073e-08	1.04761e-07	1.11339e-07	1.18261e-07	1.25561e-07	1.33277e-07	1.41431e-07	1.50080e-07	1.59273e-07	1.69098e-07	1.79640e-07	1.91047e-07	2.03515e-07	2.17382e-07
7TSL_NOR2B_iddarail	1.61648e-04	2.07128e-04	2.56956e-04	3.10824e-04	3.68305e-04	4.28818e-04	4.92620e-04	5.58990e-04	6.27860e-04	6.98833e-04	7.71774e-04	8.46208e-04	9.22750e-04	1.00120e-03
7TSL_NOR2B_acceff	4.67064e-15	4.79200e-15	4.91774e-15	5.04869e-15	5.18146e-15	5.31277e-15	5.44791e-15	5.58070e-15	5.71414e-15	5.84645e-15	5.97527e-15	6.10487e-15	6.23238e-15	6.36175e-15
7TSL_NOR2B_acreff	3.08897e+03	2.65240e+03	2.33280e+03	2.08946e+03	1.89917e+03	1.74779e+03	1.62294e+03	1.51970e+03	1.43264e+03	1.35868e+03	1.29505e+03	1.24021e+03	1.19151e+03	1.14807e+03
7TSL_NAND3B	1.71557e+01	1.50343e+01	1.34975e+01	1.23442e+01	1.14633e+01	1.07742e+01	1.02201e+01	9.77441	9.40816	9.10079	8.84692	8.62489	8.45220	8.29788
7TSL_NAND3B_iddq	6.97997e-08	7.45348e-08	7.95308e-08	8.48099e-08	9.04055e-08	9.63285e-08	1.02623e-07	1.09329e-07	1.16496e-07	1.24195e-07	1.32527e-07	1.41631e-07	1.51723e-07	1.63103e-07
7TSL_NAND3B_iddarail	1.54667e-04	1.99113e-04	2.48079e-04	3.01299e-04	3.58023e-04	4.18167e-04	4.81453e-04	5.47113e-04	6.15310e-04	6.86040e-04	7.58370e-04	8.32666e-04	9.08611e-04	9.85921e-04
7TSL_NAND3B_acceff	5.31206e-15	5.44723e-15	5.58465e-15	5.72551e-15	5.86624e-15	6.01024e-15	6.15349e-15	6.29415e-15	6.43479e-15	6.57470e-15	6.71179e-15	6.84221e-15	6.98414e-15	7.11652e-15
7TSL_NAND3B_acreff	3.22958e+03	2.76000e+03	2.41689e+03	2.15600e+03	1.95411e+03	1.79264e+03	1.66086e+03	1.55293e+03	1.46208e+03	1.38421e+03	1.31812e+03	1.26054e+03	1.21020e+03	1.16600e+03
7TSL_AOI21	1.83896e+01	1.61517e+01	1.45271e+01	1.33144e+01	1.23856e+01	1.16521e+01	1.10634e+01	1.05870e+01	1.01928e+01	9.88312	9.59657	9.36921	9.17737	9.00629
7TSL_AOI21_iddq	1.04991e-07	1.11716e-07	1.18794e-07	1.26249e-07	1.34109e-07	1.42419e-07	1.51201e-07	1.60533e-07	1.70458e-07	1.81072e-07	1.92485e-07	2.04869e-07	2.18470e-07	2.33624e-07
7TSL_AOI21_iddarail	1.36755e-04	1.75722e-04	2.18629e-04	2.65077e-04	3.14773e-04	3.67721e-04	4.23118e-04	4.81441e-04	5.41996e-04	6.03746e-04	6.69682e-04	7.36228e-04	8.04401e-04	8.75646e-04
7TSL_AOI21_acceff	5.03823e-15	5.16759e-15	5.29974e-15	5.43545e-15	5.57474e-15	5.71784e-15	5.85601e-15	6.00088e-15	6.14256e-15	6.28509e-15	6.43072e-15	6.57343e-15	6.71518e-15	6.86170e-15
7TSL_AOI21_acreff	3.65001e+03	3.12557e+03	2.74109e+03	2.44954e+03	2.22174e+03	2.03785e+03	1.88924e+03	1.76424e+03	1.65938e+03	1.57247e+03	1.49230e+03	1.42532e+03	1.36666e+03	1.31254e+03
7TSL_AOI22	2.07309e+01	1.81877e+01	1.63475e+01	1.49644e+01	1.39038e+01	1.30661e+01	1.24001e+01	1.18470e+01	1.13974e+01	1.10263e+01	1.07039e+01	1.04496e+01	1.02126e+01	1.00202e+01
7TSL_AOI22_iddq	1.06248e-07	1.13065e-07	1.20237e-07	1.27787e-07	1.35758e-07	1.44190e-07	1.53122e-07	1.62614e-07	1.72751e-07	1.83625e-07	1.95383e-07	2.08233e-07	2.22466e-07	2.38576e-07
7TSL_AOI22_iddarail	1.29015e-04	1.65818e-04	2.06273e-04	2.50293e-04	2.97284e-04	3.47359e-04	3.99809e-04	4.55308e-04	5.12774e-04	5.72236e-04	6.34169e-04	6.96970e-04	7.62751e-04	8.29562e-04
7TSL_AOI22_acceff	5.35890e-15	5.49162e-15	5.62730e-15	5.76877e-15	5.91079e-15	6.05704e-15	6.20232e-15	6.35093e-15	6.49849e-15	6.64644e-15	6.79268e-15	6.94083e-15	7.08604e-15	7.23275e-15
7TSL_AOI22_acreff	3.86850e+03	3.31191e+03	2.90503e+03	2.59403e+03	2.35228e+03	2.15718e+03	1.99927e+03	1.86540e+03	1.75386e+03	1.65898e+03	1.57580e+03	1.50553e+03	1.44122e+03	1.38540e+03
7TSL_OAI21	1.85842e+01	1.63221e+01	1.46818e+01	1.34666e+01	1.25196e+01	1.17859e+01	1.11947e+01	1.07141e+01	1.03231e+01	9.99669	9.72427	9.49698	9.29693	9.13659
7TSL_OAI21_iddq	1.05008e-07	1.11727e-07	1.18783e-07	1.26216e-07	1.34054e-07	1.42325e-07	1.51085e-07	1.60366e-07	1.70247e-07	1.80805e-07	1.92163e-07	2.04481e-07	2.18003e-07	2.33080e-07
7TSL_OAI21_iddarail	1.34337e-04	1.72733e-04	2.15172e-04	2.61052e-04	3.10534e-04	3.62612e-04	4.17734e-04	4.75404e-04	5.35215e-04	5.97531e-04	6.61900e-04	7.27409e-04	7.95800e-04	8.65463e-04
7TSL_OAI21_acceff	5.00169e-15	5.13343e-15	5.27161e-15	5.41420e-15	5.55923e-15	5.70318e-15	5.85018e-15	5.99684e-15	6.14325e-15	6.29191e-15	6.44061e-15	6.58330e-15	6.72996e-15	6.88006e-15
7TSL_OAI21_acreff	3.71558e+03	3.17957e+03	2.78508e+03	2.48728e+03	2.25204e+03	2.06654e+03	1.91357e+03	1.78663e+03	1.68039e+03	1.58882e+03	1.50984e+03	1.44259e+03	1.38143e+03	1.32798e+03
7TSL_OAI22	1.94187e+01	1.70600e+01	1.53519e+01	1.40706e+01	1.30916e+01	1.23221e+01	1.17030e+01	1.11982e+01	1.07871e+01	1.04463e+01	1.01558e+01	9.91447	9.70642	9.53647
7TSL_OAI22_iddq	1.00489e-07	1.06687e-07	1.13187e-07	1.20021e-07	1.27220e-07	1.34814e-07	1.42847e-07	1.51373e-07	1.60455e-07	1.70192e-07	1.80694e-07	1.92169e-07	2.04869e-07	2.19214e-07
7TSL_OAI22_iddarail	1.40710e-04	1.80869e-04	2.24950e-04	2.73003e-04	3.24313e-04	3.78727e-04	4.36068e-04	4.96293e-04	5.58687e-04	6.23396e-04	6.90396e-04	7.59356e-04	8.30101e-04	9.02293e-04
7TSL_OAI22_acceff	5.47344e-15	5.61755e-15	5.76209e-15	5.91545e-15	6.07064e-15	6.22717e-15	6.38377e-15	6.54274e-15	6.70051e-15	6.85908e-15	7.01556e-15	7.17411e-15	7.32882e-15	7.48635e-15
7TSL_OAI22_acreff	3.54780e+03	3.03691e+03	2.66430e+03	2.37862e+03	2.15654e+03	1.97876e+03	1.83325e+03	1.71154e+03	1.60990e+03	1.52299e+03	1.44761e+03	1.38198e+03	1.32442e+03	1.27385e+03
8TSL_INV	7.66066	6.93108	6.39908	6.00274	5.69834	5.46269	5.27301	5.12397	5.00468	4.90454	4.82325	4.75360	4.70348	4.65930
8TSL_INV_iddq	1.58390e-07	1.68909e-07	1.79989e-07	1.91691e-07	2.04053e-07	2.17126e-07	2.30965e-07	2.45648e-07	2.61247e-07	2.77856e-07	2.95619e-07	3.14726e-07	3.35421e-07	3.58080e-07
8TSL_INV_iddarail	4.24124e-04	5.34062e-04	6.54343e-04	7.83415e-04	9.21522e-04	1.06665e-03	1.21989e-03	1.37930e-03	1.54384e-03	1.71658e-03	1.89372e-03	2.07715e-03	2.26202e-03	2.45254e-03
8TSL_INV_acceff	6.50349e-15	6.73492e-15	6.98288e-15	7.23872e-15	7.50530e-15	7.77254e-15	8.04398e-15	8.31796e-15	8.58813e-15	8.86529e-15	9.13705e-15	9.40688e-15	9.67530e-15	9.93980e-15
8TSL_INV_acreff	1.17793e+03	1.02913e+03	9.16396e+02	8.29255e+02	7.59243e+02	7.02820e+02	6.55523e+02	6.16013e+02	5.82744e+02	5.53229e+02	5.27879e+02	5.05332e+02	4.86133e+02	4.68752e+02
8TSL_NAND2B	1.16797e+01	1.03780e+01	9.42783	8.72698	8.17669	7.75446	7.41420	7.13260	6.90692	6.72728	6.57365	6.44572	6.33649	6.25060
8TSL_NAND2B_iddq	9.20986e-08	9.83491e-08	1.04944e-07	1.11922e-07	1.19299e-07	1.27115e-07	1.35408e-07	1.44235e-07	1.53644e-07	1.63736e-07	1.74616e-07	1.86440e-07	1.99463e-07	2.14018e-07
8TSL_NAND2B_iddarail	2.39670e-04	3.04542e-04	3.75330e-04	4.50660e-04	5.31014e-04	6.15111e-04	7.02896e-04	7.93907e-04	8.87814e-04	9.84703e-04	1.08330e-03	1.18457e-03	1.28799e-03	1.39203e-03
8TSL_NAND2B_acceff	5.60326e-15	5.75049e-15	5.90119e-15	6.05390e-15	6.20581e-15	6.36268e-15	6.51701e-15	6.66455e-15	6.81598e-15	6.97555e-15	7.12373e-15	7.27431e-15	7.42192e-15	7.56867e-15
8TSL_NAND2B_acreff	2.08445e+03	1.80472e+03	1.59762e+03	1.44155e+03	1.31759e+03	1.21874e+03	1.13767e+03	1.07023e+03	1.01334e+03	9.64408e+02	9.22782e+02	8.86093e+02	8.53754e+02	8.25852e+02
8TSL_NOR2B	1.27492e+01	1.12950e+01	1.02427e+01	9.45793	8.85280	8.37817	8.00068	7.69697	7.44229	7.23746	7.06227	6.91837	6.79722	6.69649
8TSL_NOR2B_iddq	1.42764e-07	1.52039e-07	1.61809e-07	1.72112e-07	1.82998e-07	1.94494e-07	2.06679e-07	2.19608e-07	2.33358e-07	2.48046e-07	2.63800e-07	2.80831e-07	2.99427e-07	3.20011e-07
8TSL_NOR2B_iddarail	2.20418e-04	2.81310e-04	3.47895e-04	4.19548e-04	4.95907e-04	5.76265e-04	6.60808e-04	7.48675e-04	8.39913e-04	9.33674e-04	1.03041e-03	1.12974e-03	1.23066e-03	1.33337e-03
8TSL_NOR2B_acceff	5.62833e-15	5.78398e-15	5.94505e-15	6.11024e-15	6.27679e-15	6.44220e-15	6.61321e-15	6.78384e-15	6.94968e-15	7.11726e-15	7.28113e-15	7.44788e-15	7.60870e-15	7.76838e-15
8TSL_NOR2B_acreff	2.26518e+03	1.95281e+03	1.72289e+03	1.54788e+03	1.41040e+03	1.30052e+03	1.20980e+03	1.13460e+03	1.07088e+03	1.01689e+03	9.69942e+02	9.28905e+02	8.93348e+02	8.62018e+02
8TSL_NAND3B	1.51050e+01	1.33128e+01	1.20081e+01	1.10303e+01	1.02702e+01	9.69055	9.21710	8.83012	8.52199	8.26036	8.04258	7.86247	7.70107	7.57740
8TSL_NAND3B_iddq	1.02865e-07	1.09973e-07	1.17484e-07	1.25433e-07	1.33848e-07	1.42780e-07	1.52273e-07	1.62376e-07	1.73167e-07	1.84763e-07	1.97276e-07	2.10931e-07	2.25975e-07	2.42883e-07
8TSL_NAND3B_iddarail	2.10806e-04	2.70351e-04	3.35656e-04	4.06117e-04	4.81494e-04	5.61180e-04	6.44777e-04	7.31965e-04	8.21828e-04	9.15138e-04	1.01066e-03	1.10909e-03	1.20995e-03	1.31165e-03
8TSL_NAND3B_acceff	6.37524e-15	6.54969e-15	6.72275e-15	6.89634e-15	7.06861e-15	7.25488e-15	7.43253e-15	7.60759e-15	7.78536e-15	7.96073e-15	8.13180e-15	8.30841e-15	8.47428e-15	8.64599e-15
8TSL_NAND3B_acreff	2.36933e+03	2.03259e+03	1.78618e+03	1.59945e+03	1.45293e+03	1.33573e+03	1.24010e+03	1.16070e+03	1.09462e+03	1.03764e+03	9.89028e+02	9.46327e+02	9.08758e+02	8.76406e+02
8TSL_AOI21	1.62763e+01	1.43756e+01	1.29863e+01	1.19480e+01	1.11448e+01	1.05075e+01	1.00048e+01	9.59804	9.25715	8.98610	8.75136	8.55287	8.38528	8.24144
8TSL_AOI21_iddq	1.52667e-07	1.62670e-07	1.73200e-07	1.84319e-07	1.96054e-07	2.08467e-07	2.21617e-07	2.35573e-07	2.50433e-07	2.66320e-07	2.83396e-07	3.01881e-07	3.22131e-07	3.44635e-07
8TSL_AOI21_iddarail	1.86765e-04	2.38970e-04	2.96392e-04	3.58530e-04	4.24871e-04	4.95404e-04	5.69749e-04	6.46879e-04	7.27529e-04	8.10105e-04	8.96732e-04	9.85783e-04	1.07651e-03	1.17101e-03
8TSL_AOI21_acceff	6.09063e-15	6.25541e-15	6.42333e-15	6.59780e-15	6.77128e-15	6.94703e-15	7.13140e-15	7.31030e-15	7.48883e-15	7.66838e-15	7.85309e-15	8.03519e-15	8.21163e-15	8.39744e-15
8TSL_AOI21_acreff	2.67235e+03	2.29810e+03	2.02174e+03	1.81091e+03	1.64589e+03	1.51251e+03	1.40292e+03	1.31295e+03	1.23613e+03	1.17184e+03	1.11438e+03	1.06443e+03	1.02115e+03	9.81423e+02
8TSL_AOI22	1.82492e+01	1.61014e+01	1.45348e+01	1.33591e+01	1.24540e+01	1.17451e+01	1.11697e+01	1.07044e+01	1.03242e+01	9.99436	9.73779	9.50738	9.32061	9.14800
8TSL_AOI22_iddq	1.54429e-07	1.64557e-07	1.75226e-07	1.86479e-07	1.98369e-07	2.10953e-07	2.24309e-07	2.38504e-07	2.53653e-07	2.69901e-07	2.87448e-07	3.06588e-07	3.27727e-07	3.51508e-07
8TSL_AOI22_iddarail	1.76745e-04	2.26189e-04	2.80537e-04	3.39232e-04	4.02122e-04	4.68543e-04	5.38789e-04	6.12038e-04	6.88457e-04	7.67837e-04	8.49138e-04	9.33706e-04	1.01978e-03	1.10931e-03
8TSL_AOI22_acceff	6.46334e-15	6.63235e-15	6.80527e-15	6.98047e-15	7.16207e-15	7.34474e-15	7.52952e-15	7.71430e-15	7.90396e-15	8.08418e-15	8.27489e-15	8.46049e-15	8.64703e-15	8.83049e-15
8TSL_AOI22_acreff	2.82350e+03	2.42770e+03	2.13582e+03	1.91378e+03	1.73888e+03	1.59912e+03	1.48345e+03	1.38761e+03	1.30621e+03	1.23629e+03	1.17679e+03	1.12374e+03	1.07790e+03	1.03596e+03
8TSL_OAI21	1.65061e+01	1.45803e+01	1.31776e+01	1.21277e+01	1.13174e+01	1.06867e+01	1.01794e+01	9.76887	9.43193	9.15568	8.92537	8.72673	8.55727	8.42206
8TSL_OAI21_iddq	1.52742e-07	1.62725e-07	1.73239e-07	1.84314e-07	1.96004e-07	2.08367e-07	2.21451e-07	2.35340e-07	2.50122e-07	2.65915e-07	2.82885e-07	3.01259e-07	3.21376e-07	3.43736e-07
8TSL_OAI21_iddarail	1.83340e-04	2.34828e-04	2.91432e-04	3.52723e-04	4.18302e-04	4.87513e-04	5.60715e-04	6.36972e-04	7.16292e-04	7.98282e-04	8.83105e-04	9.70273e-04	1.06126e-03	1.15266e-03
8TSL_OAI21_acceff	6.06353e-15	6.23471e-15	6.40900e-15	6.58865e-15	6.76996e-15	6.95308e-15	7.14085e-15	7.32654e-15	7.51245e-15	7.69912e-15	7.88759e-15	8.06961e-15	8.26143e-15	8.44712e-15
8TSL_OAI21_acreff	2.72219e+03	2.33857e+03	2.05611e+03	1.84069e+03	1.67171e+03	1.53698e+03	1.42551e+03	1.33336e+03	1.25551e+03	1.18918e+03	1.13157e+03	1.08143e+03	1.03581e+03	9.97034e+02
8TSL_OAI22	1.72280e+01	1.52185e+01	1.37577e+01	1.26625e+01	1.18222e+01	1.11592e+01	1.06305e+01	1.01961e+01	9.84444	9.55293	9.30713	9.09930	8.92214	8.77869
8TSL_OAI22_iddq	1.45695e-07	1.54871e-07	1.64518e-07	1.74666e-07	1.85368e-07	1.96676e-07	2.08644e-07	2.21340e-07	2.34879e-07	2.49378e-07	2.65016e-07	2.82052e-07	3.00848e-07	3.21987e-07
8TSL_OAI22_iddarail	1.91942e-04	2.45651e-04	3.04689e-04	3.68402e-04	4.36568e-04	5.08900e-04	5.84798e-04	6.64606e-04	7.46789e-04	8.32396e-04	9.20383e-04	1.01151e-03	1.10525e-03	1.20008e-03
8TSL_OAI22_acceff	6.62463e-15	6.80660e-15	6.99472e-15	7.18424e-15	7.38006e-15	7.57833e-15	7.77699e-15	7.97811e-15	8.17425e-15	8.37588e-15	8.57157e-15	8.77116e-15	8.97014e-15	9.16640e-15
8TSL_OAI22_acreff	2.60060e+03	2.23584e+03	1.96688e+03	1.76253e+03	1.60192e+03	1.47251e+03	1.36692e+03	1.27801e+03	1.20432e+03	1.14053e+03	1.08581e+03	1.03741e+03	9.94649e+02	9.57703e+02
